instances/in10_195.dat,12376,42.1418,1605832724
2 4 3 5 6 7 8 13 12 15 1 20 17 23 19 28 30 18 29 25 10 24 22 11 27 34 9 14 37 35 39 16 41 44 36 31 46 43 33 26 54 38 55 58 59 63 57 45 47 66 62 60 32 49 50 68 79 53 80 65 78 74 71 42 85 56 21 90 76 69 83 82 94 92 97 77 48 72 64 96 51 89 87 100 86 98 99 70 88 73 67 81 40 91 75 95 52 84 61 93 
108 0 0 0 0 0 0 0 0 0 0 0 0 0 0 0 0 0 0 0 0 0 0 0 0 0 0 0 0 0 0 0 0 0 0 0 0 0 0 0 0 0 0 0 0 0 0 0 0 0 0 0 0 0 0 0 0 0 0 0 0 0 0 0 0 0 0 0 0 0 0 0 0 0 0 0 0 0 0 0 0 0 0 0 0 0 0 0 0 0 0 0 0 0 0 0 0 0 0 0
instances/in10_195.dat,12381,40.4356,1605832766
2 3 5 6 7 8 13 12 9 14 18 24 20 17 23 19 15 1 33 29 25 30 34 38 36 11 27 37 35 39 10 42 44 4 43 16 41 51 54 53 55 52 46 40 59 63 57 45 47 66 50 28 49 71 26 80 65 78 31 83 82 86 60 85 56 21 90 76 84 58 89 94 92 68 69 96 64 48 93 100 72 74 87 97 79 98 99 70 88 73 61 91 75 95 62 22 67 81 32 77 
108 0 0 0 0 0 0 0 0 0 0 0 0 0 0 0 0 0 0 0 0 0 0 0 0 0 0 0 0 0 0 0 0 0 0 0 0 0 0 0 0 0 0 0 0 0 0 0 0 0 0 0 0 0 0 0 0 0 0 0 0 0 0 0 0 0 0 0 0 0 0 0 0 0 0 0 0 0 0 0 0 0 0 0 0 0 0 0 0 0 0 0 0 0 0 0 0 0 0 0
instances/in10_195.dat,12362,37.0445,1605832807
2 4 6 7 8 9 1 12 13 5 18 24 20 17 14 25 30 23 19 15 27 34 16 22 11 37 35 39 10 42 44 36 46 43 33 21 31 51 54 38 56 29 60 32 61 3 59 63 50 68 28 45 47 66 62 64 48 72 74 71 69 85 26 52 84 53 80 65 78 40 91 75 95 41 90 57 92 83 82 86 55 58 89 87 76 77 97 79 98 99 70 88 73 67 81 96 49 94 93 100 
108 0 17 17 0 4 0 0 0 0 0 31 0 0 0 0 0 0 0 0 0 0 0 0 0 0 0 0 0 0 0 0 0 0 0 0 0 0 0 0 0 0 0 0 0 0 0 0 0 0 0 0 0 0 0 0 0 0 0 0 0 0 0 0 0 0 0 0 0 0 0 0 0 0 0 0 0 0 0 0 0 0 0 0 0 0 0 0 0 0 0 0 0 0 0 0 0 0 0 0
instances/in10_195.dat,12399,38.4556,1605832844
2 4 6 7 8 9 5 1 12 13 16 22 23 19 24 18 32 29 25 30 36 31 28 21 40 20 14 37 35 39 10 15 11 27 34 41 46 43 17 54 38 56 53 55 58 59 63 57 45 47 66 50 68 69 73 61 33 26 80 78 77 48 60 3 83 82 72 74 71 42 85 90 76 92 97 79 98 99 70 88 65 91 64 96 49 94 93 67 81 51 89 87 100 86 52 84 44 75 95 62 
108 0 17 17 0 4 0 0 0 0 0 0 0 0 0 0 0 0 0 0 0 0 0 0 0 0 0 0 0 0 0 0 0 0 0 0 0 0 0 11 0 0 0 0 0 0 0 0 0 0 0 0 0 0 0 0 0 0 0 0 0 0 0 0 0 0 0 0 0 0 0 0 0 0 0 0 0 0 0 0 0 0 0 0 0 0 0 0 0 0 0 0 0 0 0 0 0 0 0 0
instances/in10_195.dat,12360,44.2765,1605832882
2 4 6 7 8 9 5 1 13 12 15 17 23 19 24 18 29 25 30 34 27 20 14 35 39 16 41 33 21 36 31 28 45 37 40 43 49 44 38 56 53 55 52 57 58 59 63 50 68 69 47 66 62 64 65 78 74 42 85 26 80 84 86 60 90 76 92 97 79 98 81 3 83 96 10 99 70 88 73 61 11 91 75 95 46 32 77 48 72 51 89 87 100 82 94 93 71 54 22 67 
108 0 17 17 0 4 0 0 0 0 0 0 0 0 0 0 0 0 0 0 0 0 0 0 0 0 0 0 0 0 0 0 0 0 0 0 0 0 0 0 0 0 0 0 0 0 0 0 0 0 0 0 0 0 0 0 0 0 0 0 0 0 0 0 0 0 0 0 0 0 0 0 0 0 0 0 0 0 0 0 0 0 0 0 0 0 0 0 0 0 0 0 0 0 0 0 0 0 0 0
instances/in10_195.dat,12395,37.7223,1605832927
2 4 3 5 6 7 8 13 12 15 1 20 17 10 24 23 25 30 18 29 36 31 22 11 27 34 9 39 16 41 33 19 28 45 37 35 43 49 44 38 56 53 48 60 32 61 54 14 47 66 62 59 63 50 68 69 80 65 57 83 82 71 42 85 70 88 73 67 81 21 90 76 93 86 52 84 74 87 100 72 51 79 98 99 75 95 55 58 89 94 92 97 77 46 91 64 96 26 78 40 
108 0 0 0 0 0 0 0 0 0 0 0 0 0 0 0 0 0 0 0 0 0 0 0 0 0 0 0 0 0 0 0 0 0 0 0 0 0 0 0 0 0 0 4 0 0 0 0 0 0 0 0 0 0 0 0 0 0 0 0 0 0 0 0 0 0 0 0 0 0 0 0 0 0 0 0 0 0 0 0 0 0 0 0 0 0 0 0 0 0 0 0 0 0 0 0 0 0 0 0
instances/in10_195.dat,12360,37.9921,1605832964
2 4 3 5 1 7 10 9 14 11 8 18 12 15 27 20 19 28 23 17 30 13 38 25 32 34 24 39 16 41 35 43 6 42 44 36 31 46 40 53 55 58 33 26 56 29 60 45 47 66 62 59 63 50 52 65 78 77 48 72 74 81 57 37 83 82 69 80 84 61 21 90 76 93 71 85 97 79 98 99 70 68 51 89 87 100 86 88 54 22 67 91 75 95 73 64 96 49 94 92 
108 0 0 0 0 0 0 0 0 0 0 0 0 0 0 0 0 0 0 0 0 0 0 0 0 0 0 0 0 0 0 0 0 0 0 0 0 0 0 0 0 0 0 0 0 0 0 0 0 0 0 0 0 0 0 0 0 0 0 0 0 0 0 0 0 0 0 0 0 0 0 0 0 0 0 0 0 0 0 0 0 0 0 0 0 0 0 0 0 0 0 0 0 0 0 0 0 0 0 0
instances/in10_195.dat,12395,45.604,1605833002
2 4 6 3 5 1 10 13 12 11 8 18 24 20 17 23 19 15 33 29 25 30 34 9 14 35 39 16 41 7 21 36 44 27 48 31 28 45 37 52 46 43 49 38 61 54 22 55 58 59 63 57 71 42 79 53 80 84 47 66 50 68 69 85 56 90 76 92 83 82 94 93 86 60 32 77 98 99 70 88 73 67 65 91 75 95 62 64 96 26 78 40 81 51 89 87 97 100 72 74 
108 0 17 0 0 0 0 0 0 0 0 0 0 0 0 0 0 0 0 0 0 0 0 0 0 0 0 0 0 0 0 0 0 0 0 0 0 0 0 0 0 0 0 0 0 0 0 0 0 0 0 0 0 0 0 0 0 0 0 0 0 0 0 0 0 0 0 0 0 0 0 0 0 0 0 0 0 0 0 0 0 0 0 0 0 0 0 0 0 0 0 0 0 0 0 0 0 0 0 0
instances/in10_195.dat,12363,41.9334,1605833048
2 3 5 6 7 8 13 12 15 11 4 16 22 23 17 18 29 1 33 21 27 34 9 35 39 10 24 20 14 25 30 36 31 46 40 43 19 28 32 49 44 38 56 53 55 58 59 63 61 54 48 60 45 47 66 50 52 57 37 83 82 69 80 84 86 88 73 67 65 91 75 95 62 64 96 26 78 77 97 41 90 76 92 68 51 89 87 100 72 74 81 94 93 71 42 85 70 79 98 99 
108 0 0 0 0 0 0 0 0 0 0 0 0 0 0 0 0 0 0 0 0 0 0 0 0 0 0 0 0 0 0 0 0 0 0 0 0 0 0 0 0 0 0 0 0 0 0 0 0 0 0 0 0 0 0 0 0 0 0 0 0 0 0 0 0 0 0 0 0 0 0 0 0 0 0 0 0 0 0 0 0 0 0 0 0 0 0 0 0 0 0 0 0 0 0 0 0 0 0 0
instances/in10_195.dat,12399,46.6217,1605833090
2 1 4 6 7 8 13 12 11 5 18 24 22 23 19 28 21 31 30 20 17 14 25 32 10 9 15 27 34 16 41 35 39 3 44 36 46 43 40 29 53 55 52 57 45 33 26 61 54 38 63 50 58 59 74 71 42 65 78 77 80 84 62 37 83 82 56 90 76 92 68 69 85 97 79 98 81 51 89 87 100 86 60 48 72 64 96 49 94 93 67 91 75 95 73 99 70 88 47 66 
108 0 0 0 0 0 0 0 0 0 0 0 0 0 0 0 0 0 0 0 0 0 0 0 0 0 0 0 0 0 0 0 0 0 0 0 0 0 0 0 0 0 0 0 0 0 0 0 0 0 0 0 0 0 0 0 0 0 0 0 0 0 0 0 0 0 0 0 0 0 0 0 0 0 0 0 0 0 0 0 0 0 0 0 0 0 0 0 0 0 0 0 0 0 0 0 0 0 0 0
